%%
%3.5
A = [0 0 1 0 1 1;
     1 0 0 1 0 1;
     1 2 1 1 1 1;
     1 2 1 -1 -1 1;
     1 4 4 1 2 1;
     4 4 1 2 1 1];
 
 Y = [6; 6; 3; 7; 2; 6];
 
 result = A\Y